3
1
68
30
138
0
255
254
255
254
192
0
192
0
192
0
128
0
128
0
128
0
128
0
128
0
192
0
192
0
224
0
240
0
240
0
248
0
252
0
0
0
0
0
0
0
0
0
0
0
0
0
0
0
0
0
110
142
34
222
99
145
220
158
17
154
32
222
40
30
33
94
93
160
162
158
117
162
101
254
60
43
128
190
61
183
24
94
100
193
19
94
81
144
86
223
69
145
83
159
100
23
96
95
34
164
31
127
42
44
156
95
46
61
65
255
112
155
164
220
53
158
162
188
54
154
76
26
46
154
165
58
49
51
216
210
85
56
233
154
80
61
20
218
105
27
226
251
77
184
213
155
87
27
95
216
84
150
201
22
44
179
2
78
71
27
138
53
82
155
139
209
71
42
89
109
0
0
0
0
0
0
0
0
0
0
0
0
0
0
0
0
0
0
0
0
0
0
0
0
0
0
0
0
0
0
0
0
0
0
0
0
0
0
0
0
0
0
0
0
0
0
0
0
0
0
0
0
0
0
0
0
0
0
0
0
0
0
0
0
0
0
0
0
0
0
0
0
0
0
0
0
0
0
0
0
3
1
62
27
141
0
255
254
192
0
128
0
128
0
128
0
128
0
128
0
128
0
128
0
128
0
128
0
192
0
224
0
240
0
240
0
248
0
252
0
0
0
0
0
0
0
0
0
0
0
0
0
0
0
0
0
27
11
153
158
99
144
220
158
18
25
224
158
113
26
100
222
40
157
160
254
94
31
226
126
118
33
101
214
77
171
21
158
60
43
64
158
101
192
83
62
69
144
147
63
100
150
96
63
34
163
159
191
42
172
28
63
54
29
226
92
81
143
150
253
105
27
35
29
47
25
165
122
54
154
11
218
87
154
158
120
61
54
152
152
46
61
69
89
60
57
128
22
49
60
192
246
57
187
25
55
81
27
205
116
78
188
148
212
0
0
0
0
0
0
0
0
0
0
0
0
0
0
0
0
0
0
0
0
0
0
0
0
0
0
0
0
0
0
0
0
0
0
0
0
0
0
0
0
0
0
0
0
0
0
0
0
0
0
0
0
0
0
0
0
0
0
0
0
0
0
0
0
0
0
0
0
0
0
0
0
0
0
0
0
0
0
0
0
0
0
0
0
0
0
0
0
0
0
0
0
